: -0.005650618 0.0087211 0.02393415 0.02090793 -0.016191216 -0.014356313 0.010489324 0.018260522 -0.012927438 -0.012420985 0.018719437 0.0029156562 -0.0065971967 0.01088389 -0.014653565 -0.008714554 0.0063599288 -0.002965424 -0.01965485 -0.024735294 0.022265576 0.013061647 0.010150472 0.002849921 0.025176045 -0.005600532 -0.0024390032 0.018405953 -0.02180499 -0.017255934 -0.023209188 -0.003111492 0.027439758 -0.02196645 -0.006481476 -0.0024074444 0.016987208 -0.008624715 0.001990571 -0.015037293 -0.020693978 0.015218708 -0.019116528 -0.013221745 0.0015057053
# -0.007217846 -0.004976764 0.041124392 0.01232396 0.028770195 -0.015074692 0.003888937 -0.013041191 -0.0009170247 0.0129487505 -0.0068530114 0.020750253 -0.010002909 -0.0126857115 0.015978357 -0.0101729175 6.461225e-05 -0.017582249 -0.0177892 -0.00896361 0.014742128 0.0015443909 0.0054200296 -0.0039923503 0.021910865 0.015917944 0.01818735 0.0047769137 -0.028196674 -0.003657246 -0.008129506 0.015400586 0.007363133 -0.014322316 -0.02184033 0.0010243122 0.0046635712 0.019715915 0.019438906 -0.019918542 0.0051876134 0.020283958 -0.01024837 -0.012862182 0.016925173
https -0.002214758 0.011365366 0.025358507 0.0015271307 0.028471636 0.014401634 -0.024921266 -0.018244214 -0.0006227964 0.009414683 -0.016096575 0.01849079 0.015719542 0.008944403 0.012325005 -0.019398201 0.0017996383 0.0052152863 -0.0072016465 -0.018671509 0.00823374 -0.015070234 -0.01876916 0.01809499 0.023425551 0.019460097 0.014991851 0.0241968 -0.015497434 -0.013197227 -0.0031125892 -0.01098944 0.027450243 -0.029626032 0.012728429 0.0090353945 -0.012058662 0.016862597 -0.0005439774 0.00779852 0.02284526 -0.0035876585 -0.0013859164 -0.018107858 0.010187908
the 0.00021768331 0.026230516 0.030407345 0.02224013 0.027211452 0.020032108 -0.021004418 -0.023292005 -0.0036148853 -0.012255076 0.020860903 0.022648647 0.0013803693 -0.001112691 -0.00080201 0.0118070515 -0.021833215 -0.008176974 0.0064790975 -0.007048016 0.027201781 0.023481542 0.008419026 0.0002486343 0.03236944 -0.01591658 0.0068180263 -0.002954605 -0.018369723 -0.0036105309 0.003775877 0.016078776 -0.0042697582 0.008952747 0.0125858765 -0.005711481 -0.020758068 0.018520538 0.01713843 -0.008186272 -0.014332061 -0.009274338 -0.005252774 0.0062688114 -0.0064381976
covid19 -0.025015537 0.01636909 0.023832953 -0.0131749185 0.0072236913 -0.0031621656 -0.0037627176 -0.023850782 0.004069845 -0.014560453 0.005138221 0.0029161891 0.008439237 -0.020735957 -0.009724896 0.0013085377 0.0119651565 -0.010629181 -0.022182463 0.006213112 0.005930191 0.00922443 -0.019410452 -0.0017406303 0.028091952 0.018634079 -0.008382138 0.011238403 -0.023631588 0.0051464178 -0.016644344 -0.007828757 0.026789047 -0.0033808171 0.01546806 -0.012218619 0.010941266 0.026893632 -0.016953126 -0.016154354 -0.0151951825 -0.00634224 -0.007977858 -0.022969132 0.019351486
@ -0.015256856 0.027326511 0.025021711 -0.01372892 0.01395045 0.014189566 -0.020579068 -0.018771786 -0.007291295 -0.023213858 -0.0013754049 0.0063878503 0.01085875 -0.00030431926 -0.0053753126 -0.017091302 0.0034718707 -0.007467465 0.014700624 0.0050265067 0.01666442 0.0054697543 -0.011205652 -0.00836344 0.009709522 0.005725352 -0.0063886633 -0.009843062 -0.022854578 -0.029117644 -0.019828288 -0.005265189 -0.002965139 -0.020301778 -0.009739818 0.011336903 -0.009244983 0.023653762 0.0056938804 -0.021394094 0.021444144 0.021437254 0.012554535 -0.019168325 0.014129301
to 0.0053035216 0.018505884 0.020758098 0.0051037166 -0.0026897588 0.020320348 0.017776221 0.0063872673 -0.007979409 -0.0031253924 0.004934927 -0.012588772 -0.0153657235 -0.0032572963 -0.00023835573 -0.01630618 -0.01089867 -0.021286665 0.01781626 -0.0029885073 -0.004146308 0.014672785 0.016622636 -0.007674441 0.027877232 0.01391425 0.012865857 0.0059639025 0.013711404 -0.023302225 -0.023826372 0.019943882 0.0054344744 -0.00930431 0.008880167 -0.007488304 0.0051389392 0.019775234 0.015414061 -0.021084445 0.021127423 0.013960744 0.008703444 -0.017338287 0.019971352
. -0.009570494 0.028963089 0.002411836 -0.017505117 0.020296555 0.005858628 -0.009039706 0.018938942 0.018473065 -0.026363658 0.008040075 0.021690555 0.01218438 0.0009910465 -0.002869734 -0.003182683 -0.008642455 -0.022165848 -0.005714295 0.0052518225 0.026538637 0.023350235 -0.019086814 -0.019097058 0.034184854 0.010166157 0.010902375 0.01997409 -0.012533778 0.006988719 -0.0007582245 0.004835538 0.0018251919 -0.013299963 -0.006821088 0.011018284 -0.00027533458 -0.015539689 -0.019231683 -0.01949716 -2.9954372e-05 0.009546206 0.020879665 0.007849609 -0.008037311
and -0.0022128844 0.01609546 0.025136678 -0.0020429904 0.01259663 -0.011696645 -0.0044295243 0.016489951 -0.006557009 -0.023787193 0.014416418 -0.0042214575 -0.00052686676 0.019931786 -0.0071184253 -0.013313348 -0.012023951 0.011879217 -0.013142266 0.002472064 -0.007800299 0.015057935 0.006645816 0.00685126 0.0037967819 -0.0046642376 0.019721927 0.015071429 -0.0077561596 -0.026736818 -0.020347057 -0.0028622276 0.0019873725 -0.009217558 0.020406686 7.382801e-05 0.012475698 -0.013277294 -0.004377399 -0.015426498 -0.0153276995 0.0057499874 -0.015782049 -0.0074192937 0.009105589
in 0.009955311 0.008063386 0.013209529 -0.008833681 0.01962301 -0.012737503 0.007656033 -0.020120915 0.003278212 -0.013694777 -0.008056225 -0.0023244494 0.014780114 0.010454132 -0.013426194 -0.0011045842 -0.019224966 0.013895981 0.020125462 -0.008279018 0.006055551 0.0032687837 0.009218676 -0.018400794 0.008770544 0.01708114 0.0047132764 0.0060609994 -0.024089022 0.013150791 -0.018148836 -0.0073926537 0.012016783 -0.00554187 0.0019696564 0.005071407 -0.015792862 -0.018203422 0.021660337 0.010456237 -0.015075901 0.010417182 0.0007248498 0.0079465145 -0.01497076
of 0.004661598 0.01730485 0.034101103 -0.009104928 0.0013957833 -0.014538689 -0.025185108 -0.02250957 -0.0040889806 -0.017991286 0.013115109 -0.0073150885 0.008878256 -0.0017732553 -0.010691342 -0.0063759224 0.021980276 0.015397362 -0.010678597 0.016979724 -0.0068189055 0.015001927 -0.01148962 0.008981235 0.017571762 0.017444111 -0.0055860155 0.024468686 0.011993667 -0.029196931 -0.023902114 -0.018014366 0.012630931 -0.011422639 -0.016565297 -0.016273137 0.01765981 0.00940357 -0.018635072 -0.015206661 0.0076060607 -0.0064081713 0.0118562905 -0.012794814 0.0074509853
, -0.023026459 0.022931207 0.025138712 0.0030415647 0.012467621 -0.017052315 0.00015344183 -0.004623952 -0.02271692 -0.024982886 -0.0007227465 0.017814297 0.011764852 -0.018237114 -0.018958926 -0.016037818 -0.0055242158 -0.022342741 -0.021887781 -0.010364915 -0.011522246 -0.010689605 -0.017925357 -0.003587213 0.009021763 -0.01721107 -0.0019104108 0.024363082 0.01131118 -0.025740188 -0.0148501145 0.006078754 -0.014264274 -0.0031910494 0.012812027 0.014786176 -0.020611422 -0.0042116647 -0.015311385 -0.0052382736 0.021277271 0.018264666 0.011406781 0.0067560296 -0.0059245448
a 0.01801082 -0.010858287 -0.0073176073 -0.004525818 0.0016245634 -0.0059915297 -0.004022133 0.015021394 -0.0029840546 -0.0061651976 0.007778072 -0.013900974 0.01991197 0.016567945 -0.023689935 0.0024022276 0.021706168 -0.020900143 -0.01620533 -0.019745827 0.022761246 -1.7580496e-05 0.01718783 -0.01717199 0.015837818 0.0074622356 0.0015299069 0.008833938 -0.019880429 -0.026949372 0.0010318791 0.013102915 0.021992318 0.008851682 -0.0028828532 0.019786617 -0.021377629 0.011061997 0.002013404 0.0054703867 0.017059209 -0.011634689 0.012534357 -0.023710746 -0.00081427296
- -0.023820389 -0.0039993417 0.032042045 -0.0038629589 0.011009071 0.022010885 0.01643314 -0.020710284 -0.008394739 0.01900105 0.013608245 0.0028264134 -0.015959565 0.0034232612 -0.017740527 0.014082669 -0.010065681 -0.007072812 0.001730597 -0.0033391968 0.0079246145 0.01537649 -0.004627992 -0.0060032248 0.0071920757 0.015747681 0.003108667 0.003508383 0.016898846 -0.018974427 -0.0076525114 0.019468233 0.021067634 -0.0017499846 -0.02100402 0.0045563458 -0.0059115724 0.025911467 0.0044967467 -0.0010388594 0.0064181704 -0.00016009071 -0.010760311 -0.002709938 -0.0035293016
have 0.009713115 0.028993094 0.012691404 0.007358911 -0.008148783 0.0060661696 -0.019877272 -0.02188905 -0.015573702 -0.024131209 0.018757517 -0.004839207 0.022195928 -0.01973809 0.0041137664 0.016654853 -0.01778759 -0.028250035 -0.010362431 -0.009644849 0.006451801 -0.017417474 -0.024774404 0.008085624 -0.0051924107 -0.017567946 -0.0056013437 -0.013053497 -0.021459548 -0.028306166 -0.0077397437 -0.011554743 0.022368615 -0.0032025434 -0.00889696 0.015870076 -0.014344241 -0.0042138114 -0.013387895 -0.014995197 -0.0030824156 0.019252313 -0.0063357432 0.0066619082 0.016871028
this -0.020207878 0.01653404 0.023135094 -0.0062700957 0.01838075 0.015552791 -0.017298026 -0.016979294 0.003970842 -0.0062402324 -0.011826219 0.02669059 -0.008956751 -0.017254489 -0.0028348959 -0.009041419 0.00045253927 -0.012036434 -0.0011046219 -0.0039293086 0.006963097 0.020031448 -0.016730962 -0.0024356171 0.021296445 0.01988492 -0.010294283 0.024099397 0.014588215 -0.01656246 -0.0041802097 0.008442185 -0.0034138528 -0.016955338 -0.015950825 0.00025527194 -0.0014760016 0.013884403 -0.0036275687 -0.0043387488 0.0058388794 0.014229771 -6.1030776e-05 -0.016856212 -0.019829577
testing -0.004104518 0.021768454 0.0137787815 -0.019762203 -0.013909907 0.01640497 -0.011370978 0.012152378 -0.016987322 0.015710121 -0.012915517 0.013717807 0.00026461412 -0.018255226 -0.010385832 -0.006360922 -0.012279838 -0.0072091166 -0.017095866 0.003596125 0.025558015 -0.0042552412 -0.0073558562 0.009168081 0.02906716 -0.011524456 -0.016128926 -0.0018797796 0.01591319 -0.005185733 -0.025088336 -0.004809991 0.026949197 -0.021872295 -0.01327366 0.022840457 -0.020843081 0.0131498985 0.0037867683 0.010713306 0.01910656 -0.0026891544 -0.009185341 0.016888877 0.0054338393
i 0.00966715 -0.012710133 0.03532472 -0.0019562268 -0.007909481 0.008790841 -0.005181643 0.008240051 -0.007365231 -0.013402786 0.0072890557 0.026341699 -0.0077349264 0.002956211 -0.021508845 -0.019549046 -0.0016235269 -0.025861641 0.0054485286 -0.0006327795 0.0017404297 0.01433288 0.017248346 0.02044609 0.0078021768 0.007038153 -0.009030581 -0.012628785 0.007940598 -0.013589826 -0.007870626 -0.004610121 -0.003556457 0.0031749941 -0.011277642 -0.019616866 0.018905327 0.014318924 0.023081124 0.009327469 0.006884896 0.027020862 -0.009679436 -0.019766385 0.0108084455
is 0.0049298983 -0.006213493 0.031145211 -0.0073193745 0.024788193 0.0035140705 -0.017267618 -0.0060389997 -0.017865382 -0.009527199 0.004257949 0.026567616 0.023326796 -0.017206369 0.0051089004 0.0019294258 -0.005703961 -0.024827085 0.0014376788 -0.020769374 0.018935937 -0.010834431 0.008736826 0.022893175 0.008398246 0.01156204 -0.0042786323 0.020616414 0.0050748074 -0.02652141 -0.009874038 0.007413629 0.004640602 -0.007072346 -0.0034786176 -0.0022002112 0.0005503906 0.012800923 -0.0081982035 -0.012316618 0.00030386014 0.0038754793 -0.00018976256 -0.013518325 0.010121127
for -0.0065529407 0.007840292 0.006256867 0.0136287585 -0.013541474 -0.014605254 -0.011543606 0.020159528 -0.0041345777 -0.022459839 -0.00029929244 -0.0075378646 0.014668062 -0.02270535 0.005127793 -0.022342162 0.0028706926 0.011441049 0.01615209 -0.018295443 -0.011371636 -0.014454204 -0.019483197 -0.020706339 -0.0006210214 -0.001046688 -0.016417721 0.017230192 0.00076706585 0.009707937 0.0009894747 0.0014233692 -0.014219497 -0.0068964306 0.009264016 -0.010732136 0.002246924 0.008314052 -0.0028756505 0.020273615 0.01898594 0.0068646735 0.016032182 0.011650358 -0.011964043
on -0.014761588 -0.009491878 -0.007732 0.019185262 -0.0003141973 -0.013837066 -0.011931823 0.009464608 -0.007752935 -0.010793005 0.005200834 -0.0010347305 -0.0012575507 0.00023699278 -0.00920304 0.015917802 0.008222687 -0.026076967 0.013536482 -0.017807374 0.006196103 0.011876989 -0.014147237 -0.003724614 0.02598813 -0.007383118 -0.01691705 0.024237473 -0.008450998 -0.016880415 0.014520625 0.0092578735 0.014094409 0.016695281 -0.020268135 0.0130290035 0.0037219226 0.012928521 0.005706899 0.0064319116 0.010179546 0.017057955 -0.006922104 -0.013053265 3.229138e-05
an 0.0016046538 5.8995938e-05 0.024873825 0.009813909 0.02161599 0.0077034226 0.014391345 -0.0052985945 0.016228827 0.004877765 -0.016143544 -0.0023998138 -0.0026963276 0.0075077084 -0.005076245 -0.0101994565 0.017055009 0.015903872 -0.003823073 -0.014417378 -0.0047661588 -0.00917418 -0.025947576 0.0042811646 0.0010129391 0.0074221594 0.011770359 -0.00417763 -0.025606288 -0.0043289824 -0.020803057 0.004492723 -0.0024297338 0.01058522 -6.137897e-05 0.010128213 -0.0073108114 0.0007723996 0.019303327 -0.0011548189 -0.01217988 -0.01378243 0.0027894902 0.011178181 0.013287942
it -0.024581166 0.026209505 0.02004965 0.017120715 0.026241139 -0.014869355 -0.023409432 0.010465104 0.01893927 0.0044396827 0.01810244 0.002409809 0.020969411 -0.024404468 -0.020941906 -0.01850764 -0.009424013 0.0065921894 -0.009394007 -0.021461207 0.02396433 -0.0064448724 0.014854823 -0.009792009 0.018756837 0.013411652 0.0053688493 -0.001233039 0.0020815374 -0.026083387 -0.011899236 -0.0067147813 0.022008084 -0.012909562 -0.01611565 0.011398842 -0.0017764751 -0.003362256 0.017005308 0.0044879564 -0.008200945 0.0059248474 0.020562492 0.014178498 0.015586185
coronavirus 0.00609849 0.012834868 0.007382547 -0.013671377 0.0037737202 -0.0016698338 -0.0049450286 -0.016085364 0.014657401 -0.018198904 -0.01394278 0.0002205139 -0.0003220392 -0.020148082 -0.0014086338 -0.015816445 -0.0032299939 -0.021044243 0.0042069005 0.0045220447 0.0056565152 -0.010425667 -0.008680675 0.01682253 0.018869853 -0.017394472 -0.008118306 0.010212737 0.000202194 -0.028739007 0.0041482183 -0.020372825 -0.010271034 0.0023549157 -0.009049373 0.009866501 0.01882167 -0.002824143 0.022918975 -0.00060483196 0.022685308 0.01647987 -0.020219762 -0.010615983 0.015585166
that 0.008649427 0.026065618 0.02617552 0.018551579 -0.018081445 0.011166796 -0.01449676 0.0064407447 0.011530549 0.0065311748 0.018829318 0.009592817 1.1409633e-05 0.009793007 -0.015666239 -0.0036652593 0.020855727 -0.016924256 0.00766711 -0.020968134 0.02709262 0.02020131 -0.0011750845 0.01272844 0.012840346 -0.012554327 -0.0036538348 0.01911082 -0.014522539 -0.016046077 0.0057390523 0.0049663982 0.0014990246 -0.011328956 0.012050964 -0.011358333 -0.007608227 -0.0102595715 -0.007659965 -0.023111373 -0.0096885795 -0.015008427 0.0031292322 -0.022498501 -0.021180833
cases -0.021551719 -0.009126319 0.024386909 0.008877617 0.0045910478 -0.005146885 -0.019432822 -0.0007506703 -0.00029335998 -0.0024411583 0.003777537 0.006978099 0.00251214 -0.020231195 -0.015513482 -0.0218771 -0.0032177821 3.0691663e-05 0.016125463 -0.006989661 -0.00019674498 0.022780823 -0.0032357099 -0.0044336924 0.028014306 0.007917387 -0.011931599 0.018805666 0.0059745885 -0.022033907 -0.0054501723 0.0010215183 0.017943831 -0.008223718 -0.007495395 0.0055043874 0.0012719629 0.006540183 -0.003954483 -0.016929597 0.016907714 0.020308789 0.018480234 -0.021960847 0.0068541677
covid-19 -0.01111785 0.027188508 0.015432378 0.01032815 0.009073051 0.016086446 -0.015657999 0.015782306 -0.0066947355 -0.012963669 -0.0034772444 0.026990369 -0.013231585 -0.0074191247 0.013289163 -0.0032664563 -0.014185148 -0.017635707 0.019958211 0.012459244 0.015457918 -0.006140314 -0.024483262 0.009219334 0.024033632 -0.010663914 -0.018132111 -0.0025586055 -0.0146284 -0.010919775 -0.0090917945 -0.012867741 0.025526846 -0.025103793 0.008559206 0.013541696 -0.0038013572 0.02381847 0.023994049 -0.015813114 -0.012871983 -0.012234219 -0.017635237 -0.009354177 -0.011953216
's -0.022526966 0.008760902 0.018314159 0.015007865 -0.0011435528 -0.00809188 -0.0007067226 -0.0016100026 0.016429333 -0.0026426746 0.01807889 -0.012123555 0.021757826 -0.0074378145 0.016077805 -0.020862173 0.003472179 -0.002329246 -0.0001724741 -0.014554875 -0.015042385 -0.014089759 -0.021506831 0.0055640996 0.011448031 -0.0016571116 0.015553135 -0.0007434288 -0.0072075007 -0.027717078 -0.027925858 0.019058013 -0.007022674 -0.018927267 0.009994178 0.01629354 -0.01607214 0.0066556153 -0.011072965 -0.0007184358 -0.00914453 -0.0036245964 0.005224685 0.015882341 0.01636517
'' -0.024465347 -0.007162699 0.025189638 0.0046589435 -0.006338892 0.002534393 0.0186999 -0.003908437 -0.022593325 0.0011702734 0.014798918 0.01860904 0.011005072 -0.014848004 -0.0024960395 -0.002897222 0.009739175 -0.021094466 -0.01786161 -0.0009902716 -0.015010276 0.013465619 -0.004736605 0.023086427 -0.0045154453 0.0003871678 0.016748227 -0.005639249 -0.014718584 -0.001627056 0.0015905421 -0.0070342715 0.0189974 -0.021277428 0.006499117 0.0027892976 0.018706413 0.017016497 0.017125385 0.014288882 -0.020509489 0.02390237 -0.017587345 -0.008075983 -0.010119287
`` -0.014373062 -0.012106013 -0.008483267 -0.009688016 0.00044175747 -0.009918571 0.011159451 -0.022906069 -0.013391787 0.018569529 0.016840838 0.021986257 0.01147749 -0.0015141064 -0.015621245 0.010204702 0.0058608544 0.013707592 0.013996954 0.015523812 0.023586547 -0.021191487 -0.018843543 0.003935939 0.02226123 0.017977646 0.011744496 0.020960791 -0.014820535 0.008804066 -0.013882852 -0.021175025 0.024980303 -0.0013365126 -0.0072213076 -0.0040236837 -0.010067241 0.014576977 0.011637176 -0.009228878 -0.015645871 -0.0051469565 -0.00084961724 0.0110727325 -0.005545069
● -0.004242215 0.0083237095 -0.0053782 0.004963132 0.0009314335 0.008170957 0.007483845 -0.00475792 -0.0075779227 0.014525402 0.013185321 0.021032017 0.012748574 0.01671414 0.01414461 -0.006011151 0.01926532 0.005567621 0.011960103 -0.0057644513 0.00061481056 -0.007875484 -0.023154346 0.0079490645 0.029603606 0.02211653 -0.0046361755 0.018198645 0.004743621 -0.016735451 -0.00047812506 -0.012709473 0.023843497 0.007408338 0.0057565407 0.011070926 0.018539727 0.020768186 -0.00017561085 -0.019905278 0.019734303 0.019672193 0.00408652 -0.006204031 -0.012248991
! -0.011912178 0.023056837 -0.00061899296 -0.013564349 0.024134535 0.01795005 0.018577397 0.0013731187 -0.01977135 0.016800687 -0.0072942493 0.016505094 0.011031081 0.019787718 -0.022313748 0.018492253 -0.020770285 -0.017896768 -0.020294605 -0.013778842 0.019648299 0.021378417 -0.009838607 0.009229049 -0.0026415628 0.018378025 0.012738307 0.0027092018 -0.011132223 -0.019721795 0.00752167 0.0023597276 -0.0027293095 0.01454433 -0.009633594 -0.019828992 -0.005324344 0.0027019945 -0.013141392 -0.014771323 -0.019198744 0.0224641 0.01616369 -0.0025806953 0.016698144
at 0.015796214 0.0014586821 0.019906454 0.008869886 0.01308945 0.016741699 -0.01217471 -0.005860539 0.0011209359 0.007804191 0.0082699815 0.013862601 0.011581086 -0.020237083 -0.008502893 -0.017890956 0.021539712 0.009139591 9.220245e-05 0.007545034 -0.014743168 -0.013161296 0.0048891096 0.014978987 0.0131749995 0.01428773 -0.004736557 -0.005280881 -0.0015574843 -0.010678267 -0.014901692 -0.017725583 0.017098682 -0.004639009 -0.0048923 -0.016663905 0.020437505 0.0039157583 0.00469204 0.0036347562 -0.016167896 0.005503798 0.0067717866 -0.02059392 0.011601899
you 0.0033940193 0.020604316 0.017498596 -0.0063938205 -0.013450961 0.017089918 0.0021441227 0.010444212 0.013288264 0.002500226 -0.012689489 0.0036220376 0.019842843 -0.015056217 0.019377613 -0.018020066 0.009265167 0.0020516075 0.016328853 -0.012594704 -0.006935975 -0.012307474 0.0048663286 -0.0091100065 0.024474023 -0.008425076 -0.020534435 -0.00810809 0.011765639 -0.018423779 -0.014588815 -0.016706895 0.016484695 0.0047420366 0.0055029867 -0.0060030734 0.012914162 -0.011138495 -0.0032312828 -0.01573613 -0.0018700007 -0.0024268997 0.018846653 -0.0018291415 -0.018557915
